hotel_id hotel_link
59403348 https://www.agoda.com/vi-vn/an-nhien-homestay-near-airport/hotel/ho-chi-minh-city-vn.html?countryId=38&finalPriceView=1&isShowMobileAppPrice=false&cid=1922896&familyMode=false&adults=2&children=0&rooms=1&maxRooms=0&checkIn=2025-11-5&isCalendarCallout=false&numberOfGuest=0&missingChildAges=false&travellerType=1&showReviewSubmissionEntry=false&currencyCode=VND&isFreeOccSearch=false&tag=7adbeb35-4108-414c-9559-32893b4cdfe5&los=1
24342164 https://www.agoda.com/vi-vn/vintage-home-aurora-service-apartments/hotel/ho-chi-minh-city-vn.html?countryId=38&finalPriceView=1&isShowMobileAppPrice=false&cid=1922896&familyMode=false&adults=2&children=0&rooms=1&maxRooms=0&checkIn=2025-11-5&isCalendarCallout=false&numberOfGuest=0&missingChildAges=false&travellerType=1&showReviewSubmissionEntry=false&currencyCode=VND&isFreeOccSearch=false&tag=7adbeb35-4108-414c-9559-32893b4cdfe5&los=1
79260491 https://www.agoda.com/vi-vn/mien-stay-h79260491/hotel/all/ho-chi-minh-city-vn.html?countryId=38&finalPriceView=1&isShowMobileAppPrice=false&cid=1922896&familyMode=false&adults=2&children=0&rooms=1&maxRooms=0&checkIn=2025-11-5&isCalendarCallout=false&numberOfGuest=0&missingChildAges=false&travellerType=1&showReviewSubmissionEntry=false&currencyCode=VND&isFreeOccSearch=false&tag=7adbeb35-4108-414c-9559-32893b4cdfe5&los=1
9432948 https://www.agoda.com/vi-vn/bin-bin-hotel-2/hotel/ho-chi-minh-city-vn.html?countryId=38&finalPriceView=1&isShowMobileAppPrice=false&cid=1922896&familyMode=false&adults=2&children=0&rooms=1&maxRooms=0&checkIn=2025-11-5&isCalendarCallout=false&numberOfGuest=0&missingChildAges=false&travellerType=1&showReviewSubmissionEntry=false&currencyCode=VND&isFreeOccSearch=false&tag=7adbeb35-4108-414c-9559-32893b4cdfe5&tspTypes=6&los=1
36467240 https://www.agoda.com/vi-vn/bong-homestay_3/hotel/all/ho-chi-minh-city-vn.html?countryId=38&finalPriceView=1&isShowMobileAppPrice=false&cid=1922896&familyMode=false&adults=2&children=0&rooms=1&maxRooms=0&checkIn=2025-11-5&isCalendarCallout=false&numberOfGuest=0&missingChildAges=false&travellerType=1&showReviewSubmissionEntry=false&currencyCode=VND&isFreeOccSearch=false&tag=7adbeb35-4108-414c-9559-32893b4cdfe5&los=1
66171892 https://www.agoda.com/vi-vn/atus-boutique-home/hotel/ho-chi-minh-city-vn.html?countryId=38&finalPriceView=1&isShowMobileAppPrice=false&cid=1922896&familyMode=false&adults=2&children=0&rooms=1&maxRooms=0&checkIn=2025-11-5&isCalendarCallout=false&numberOfGuest=0&missingChildAges=false&travellerType=1&showReviewSubmissionEntry=false&currencyCode=VND&isFreeOccSearch=false&tag=7adbeb35-4108-414c-9559-32893b4cdfe5&tspTypes=1&los=1
71447620 https://www.agoda.com/vi-vn/1bed-room-apartment-nearby-tan-son-nhat-airport/hotel/all/ho-chi-minh-city-vn.html?countryId=38&finalPriceView=1&isShowMobileAppPrice=false&cid=1922896&familyMode=false&adults=2&children=0&rooms=1&maxRooms=0&checkIn=2025-11-5&isCalendarCallout=false&numberOfGuest=0&missingChildAges=false&travellerType=1&showReviewSubmissionEntry=false&currencyCode=VND&isFreeOccSearch=false&tag=7adbeb35-4108-414c-9559-32893b4cdfe5&los=1
79082662 https://www.agoda.com/vi-vn/the-rixx-mekong-at-ben-thanh/hotel/ho-chi-minh-city-vn.html?countryId=38&finalPriceView=1&isShowMobileAppPrice=false&cid=1922896&familyMode=false&adults=2&children=0&rooms=1&maxRooms=0&checkIn=2025-11-5&isCalendarCallout=false&numberOfGuest=0&missingChildAges=false&travellerType=1&showReviewSubmissionEntry=false&currencyCode=VND&isFreeOccSearch=false&tag=7adbeb35-4108-414c-9559-32893b4cdfe5&los=1
64336837 https://www.agoda.com/vi-vn/metropole-luxury-apartment-by-somi/hotel/ho-chi-minh-city-vn.html?countryId=38&finalPriceView=1&isShowMobileAppPrice=false&cid=1922896&familyMode=false&adults=2&children=0&rooms=1&maxRooms=0&checkIn=2025-11-5&isCalendarCallout=false&numberOfGuest=0&missingChildAges=false&travellerType=1&showReviewSubmissionEntry=false&currencyCode=VND&isFreeOccSearch=false&tag=7adbeb35-4108-414c-9559-32893b4cdfe5&tspTypes=4&los=1
79082663 https://www.agoda.com/vi-vn/the-rixx-combo-group-of-12-madison-d1-japantown/hotel/ho-chi-minh-city-vn.html?countryId=38&finalPriceView=1&isShowMobileAppPrice=false&cid=1922896&familyMode=false&adults=2&children=0&rooms=1&maxRooms=0&checkIn=2025-11-5&isCalendarCallout=false&numberOfGuest=0&missingChildAges=false&travellerType=1&showReviewSubmissionEntry=false&currencyCode=VND&isFreeOccSearch=false&tag=7adbeb35-4108-414c-9559-32893b4cdfe5&los=1
79082661 https://www.agoda.com/vi-vn/the-rixx-nostalgia-apartment/hotel/ho-chi-minh-city-vn.html?countryId=38&finalPriceView=1&isShowMobileAppPrice=false&cid=1922896&familyMode=false&adults=2&children=0&rooms=1&maxRooms=0&checkIn=2025-11-5&isCalendarCallout=false&numberOfGuest=0&missingChildAges=false&travellerType=1&showReviewSubmissionEntry=false&currencyCode=VND&isFreeOccSearch=false&tag=7adbeb35-4108-414c-9559-32893b4cdfe5&los=1
79082658 https://www.agoda.com/vi-vn/the-rixx-mix-3-bedrooms-ben-thanh-pool-gym-netflix/hotel/ho-chi-minh-city-vn.html?countryId=38&finalPriceView=1&isShowMobileAppPrice=false&cid=1922896&familyMode=false&adults=2&children=0&rooms=1&maxRooms=0&checkIn=2025-11-5&isCalendarCallout=false&numberOfGuest=0&missingChildAges=false&travellerType=1&showReviewSubmissionEntry=false&currencyCode=VND&isFreeOccSearch=false&tag=7adbeb35-4108-414c-9559-32893b4cdfe5&los=1
79082659 https://www.agoda.com/vi-vn/the-rixx-resortstyle-d1-netflix-pool-gym-sauna-2br/hotel/ho-chi-minh-city-vn.html?countryId=38&finalPriceView=1&isShowMobileAppPrice=false&cid=1922896&familyMode=false&adults=2&children=0&rooms=1&maxRooms=0&checkIn=2025-11-5&isCalendarCallout=false&numberOfGuest=0&missingChildAges=false&travellerType=1&showReviewSubmissionEntry=false&currencyCode=VND&isFreeOccSearch=false&tag=7adbeb35-4108-414c-9559-32893b4cdfe5&los=1
71447636 https://www.agoda.com/vi-vn/love-luxury-hotel-ba-diem/hotel/all/ho-chi-minh-city-vn.html?countryId=38&finalPriceView=1&isShowMobileAppPrice=false&cid=1922896&familyMode=false&adults=2&children=0&rooms=1&maxRooms=0&checkIn=2025-11-5&isCalendarCallout=false&numberOfGuest=0&missingChildAges=false&travellerType=1&showReviewSubmissionEntry=false&currencyCode=VND&isFreeOccSearch=false&tag=7adbeb35-4108-414c-9559-32893b4cdfe5&los=1
73020493 https://www.agoda.com/vi-vn/ben-thanh-gem-private-room-in-central-d1/hotel/ho-chi-minh-city-vn.html?countryId=38&finalPriceView=1&isShowMobileAppPrice=false&cid=1922896&familyMode=false&adults=2&children=0&rooms=1&maxRooms=0&checkIn=2025-11-5&isCalendarCallout=false&numberOfGuest=0&missingChildAges=false&travellerType=1&showReviewSubmissionEntry=false&currencyCode=VND&isFreeOccSearch=false&tag=7adbeb35-4108-414c-9559-32893b4cdfe5&los=1
77460612 https://www.agoda.com/vi-vn/honey-vinhomes/hotel/all/ho-chi-minh-city-vn.html?countryId=38&finalPriceView=1&isShowMobileAppPrice=false&cid=1922896&familyMode=false&adults=2&children=0&rooms=1&maxRooms=0&checkIn=2025-11-5&isCalendarCallout=false&numberOfGuest=0&missingChildAges=false&travellerType=1&showReviewSubmissionEntry=false&currencyCode=VND&isFreeOccSearch=false&tag=7adbeb35-4108-414c-9559-32893b4cdfe5&los=1
79082668 https://www.agoda.com/vi-vn/steps-to-ben-thanh-market-huge-balcony-d1-pool-gym-h79082668/hotel/ho-chi-minh-city-vn.html?countryId=38&finalPriceView=1&isShowMobileAppPrice=false&cid=1922896&familyMode=false&adults=2&children=0&rooms=1&maxRooms=0&checkIn=2025-11-5&isCalendarCallout=false&numberOfGuest=0&missingChildAges=false&travellerType=1&showReviewSubmissionEntry=false&currencyCode=VND&isFreeOccSearch=false&tag=7adbeb35-4108-414c-9559-32893b4cdfe5&los=1
47073047 https://www.agoda.com/vi-vn/sky-villas-duplex-h47073047/hotel/ho-chi-minh-city-vn.html?countryId=38&finalPriceView=1&isShowMobileAppPrice=false&cid=1922896&familyMode=false&adults=2&children=0&rooms=1&maxRooms=0&checkIn=2025-11-5&isCalendarCallout=false&numberOfGuest=0&missingChildAges=false&travellerType=1&showReviewSubmissionEntry=false&currencyCode=VND&isFreeOccSearch=false&tag=7adbeb35-4108-414c-9559-32893b4cdfe5&los=1
36925992 https://www.agoda.com/vi-vn/annie-s-service-apartment/hotel/ho-chi-minh-city-vn.html?countryId=38&finalPriceView=1&isShowMobileAppPrice=false&cid=1922896&familyMode=false&adults=2&children=0&rooms=1&maxRooms=0&checkIn=2025-11-5&isCalendarCallout=false&numberOfGuest=0&missingChildAges=false&travellerType=1&showReviewSubmissionEntry=false&currencyCode=VND&isFreeOccSearch=false&tag=7adbeb35-4108-414c-9559-32893b4cdfe5&los=1
79082666 https://www.agoda.com/vi-vn/the-rixx-spacious-2-bedrooms-operahouse-vincom-d1-h79082666/hotel/ho-chi-minh-city-vn.html?countryId=38&finalPriceView=1&isShowMobileAppPrice=false&cid=1922896&familyMode=false&adults=2&children=0&rooms=1&maxRooms=0&checkIn=2025-11-5&isCalendarCallout=false&numberOfGuest=0&missingChildAges=false&travellerType=1&showReviewSubmissionEntry=false&currencyCode=VND&isFreeOccSearch=false&tag=7adbeb35-4108-414c-9559-32893b4cdfe5&los=1
79082667 https://www.agoda.com/vi-vn/luxury-family-gathering-d1-ben-thanh-bui-vien-pool-h50622838/hotel/ho-chi-minh-city-vn.html?countryId=38&finalPriceView=1&isShowMobileAppPrice=false&cid=1922896&familyMode=false&adults=2&children=0&rooms=1&maxRooms=0&checkIn=2025-11-5&isCalendarCallout=false&numberOfGuest=0&missingChildAges=false&travellerType=1&showReviewSubmissionEntry=false&currencyCode=VND&isFreeOccSearch=false&tag=7adbeb35-4108-414c-9559-32893b4cdfe5&los=1
79082646 https://www.agoda.com/vi-vn/standard-studio-2-near-ben-thanh-market/hotel/ho-chi-minh-city-vn.html?countryId=38&finalPriceView=1&isShowMobileAppPrice=false&cid=1922896&familyMode=false&adults=2&children=0&rooms=1&maxRooms=0&checkIn=2025-11-5&isCalendarCallout=false&numberOfGuest=0&missingChildAges=false&travellerType=1&showReviewSubmissionEntry=false&currencyCode=VND&isFreeOccSearch=false&tag=7adbeb35-4108-414c-9559-32893b4cdfe5&los=1
11120777 https://www.agoda.com/vi-vn/1-bedroom-apartment-landmark-6/hotel/all/ho-chi-minh-city-vn.html?countryId=38&finalPriceView=1&isShowMobileAppPrice=false&cid=1922896&familyMode=false&adults=2&children=0&rooms=1&maxRooms=0&checkIn=2025-11-5&isCalendarCallout=false&numberOfGuest=0&missingChildAges=false&travellerType=1&showReviewSubmissionEntry=false&currencyCode=VND&isFreeOccSearch=false&tag=7adbeb35-4108-414c-9559-32893b4cdfe5&los=1
79082647 https://www.agoda.com/vi-vn/standard-studio-near-ben-thanh-market/hotel/ho-chi-minh-city-vn.html?countryId=38&finalPriceView=1&isShowMobileAppPrice=false&cid=1922896&familyMode=false&adults=2&children=0&rooms=1&maxRooms=0&checkIn=2025-11-5&isCalendarCallout=false&numberOfGuest=0&missingChildAges=false&travellerType=1&showReviewSubmissionEntry=false&currencyCode=VND&isFreeOccSearch=false&tag=7adbeb35-4108-414c-9559-32893b4cdfe5&los=1
79082645 https://www.agoda.com/vi-vn/standard-studio-1-near-ben-thanh-market/hotel/ho-chi-minh-city-vn.html?countryId=38&finalPriceView=1&isShowMobileAppPrice=false&cid=1922896&familyMode=false&adults=2&children=0&rooms=1&maxRooms=0&checkIn=2025-11-5&isCalendarCallout=false&numberOfGuest=0&missingChildAges=false&travellerType=1&showReviewSubmissionEntry=false&currencyCode=VND&isFreeOccSearch=false&tag=7adbeb35-4108-414c-9559-32893b4cdfe5&los=1
50180825 https://www.agoda.com/vi-vn/can-ho-2pn-2wc-tang-25-2-bedrooms-luxury-apartment/hotel/all/ho-chi-minh-city-vn.html?countryId=38&finalPriceView=1&isShowMobileAppPrice=false&cid=1922896&familyMode=false&adults=2&children=0&rooms=1&maxRooms=0&checkIn=2025-11-5&isCalendarCallout=false&numberOfGuest=0&missingChildAges=false&travellerType=1&showReviewSubmissionEntry=false&currencyCode=VND&isFreeOccSearch=false&tag=7adbeb35-4108-414c-9559-32893b4cdfe5&los=1
56046450 https://www.agoda.com/vi-vn/a21-12-h56046450/hotel/ho-chi-minh-city-vn.html?countryId=38&finalPriceView=1&isShowMobileAppPrice=false&cid=1922896&familyMode=false&adults=2&children=0&rooms=1&maxRooms=0&checkIn=2025-11-5&isCalendarCallout=false&numberOfGuest=0&missingChildAges=false&travellerType=1&showReviewSubmissionEntry=false&currencyCode=VND&isFreeOccSearch=false&tag=7adbeb35-4108-414c-9559-32893b4cdfe5&los=1
79082640 https://www.agoda.com/vi-vn/standard-studio-3-with-balcony/hotel/ho-chi-minh-city-vn.html?countryId=38&finalPriceView=1&isShowMobileAppPrice=false&cid=1922896&familyMode=false&adults=2&children=0&rooms=1&maxRooms=0&checkIn=2025-11-5&isCalendarCallout=false&numberOfGuest=0&missingChildAges=false&travellerType=1&showReviewSubmissionEntry=false&currencyCode=VND&isFreeOccSearch=false&tag=7adbeb35-4108-414c-9559-32893b4cdfe5&los=1
79082653 https://www.agoda.com/vi-vn/the-rixx-bt8-6-ben-thanh-family-pool-gym/hotel/ho-chi-minh-city-vn.html?countryId=38&finalPriceView=1&isShowMobileAppPrice=false&cid=1922896&familyMode=false&adults=2&children=0&rooms=1&maxRooms=0&checkIn=2025-11-5&isCalendarCallout=false&numberOfGuest=0&missingChildAges=false&travellerType=1&showReviewSubmissionEntry=false&currencyCode=VND&isFreeOccSearch=false&tag=7adbeb35-4108-414c-9559-32893b4cdfe5&los=1
79082648 https://www.agoda.com/vi-vn/studio-deluxe-with-balcony-near-ben-thanh-market/hotel/ho-chi-minh-city-vn.html?countryId=38&finalPriceView=1&isShowMobileAppPrice=false&cid=1922896&familyMode=false&adults=2&children=0&rooms=1&maxRooms=0&checkIn=2025-11-5&isCalendarCallout=false&numberOfGuest=0&missingChildAges=false&travellerType=1&showReviewSubmissionEntry=false&currencyCode=VND&isFreeOccSearch=false&tag=7adbeb35-4108-414c-9559-32893b4cdfe5&los=1
40301129 https://www.agoda.com/vi-vn/van-chung-apartment-next-to-the-fitness-center/hotel/ho-chi-minh-city-vn.html?countryId=38&finalPriceView=1&isShowMobileAppPrice=false&cid=1922896&familyMode=false&adults=2&children=0&rooms=1&maxRooms=0&checkIn=2025-11-5&isCalendarCallout=false&numberOfGuest=0&missingChildAges=false&travellerType=1&showReviewSubmissionEntry=false&currencyCode=VND&isFreeOccSearch=false&tag=7adbeb35-4108-414c-9559-32893b4cdfe5&los=1
79082631 https://www.agoda.com/vi-vn/the-rixx-comfort-ben-thanh-d1-metro-netflix-pool/hotel/ho-chi-minh-city-vn.html?countryId=38&finalPriceView=1&isShowMobileAppPrice=false&cid=1922896&familyMode=false&adults=2&children=0&rooms=1&maxRooms=0&checkIn=2025-11-5&isCalendarCallout=false&numberOfGuest=0&missingChildAges=false&travellerType=1&showReviewSubmissionEntry=false&currencyCode=VND&isFreeOccSearch=false&tag=7adbeb35-4108-414c-9559-32893b4cdfe5&los=1
39826028 https://www.agoda.com/vi-vn/ti-n-nghi-d-c-dao-yen-binh-phong-cach/hotel/ho-chi-minh-city-vn.html?countryId=38&finalPriceView=1&isShowMobileAppPrice=false&cid=1922896&familyMode=false&adults=2&children=0&rooms=1&maxRooms=0&checkIn=2025-11-5&isCalendarCallout=false&numberOfGuest=0&missingChildAges=false&travellerType=1&showReviewSubmissionEntry=false&currencyCode=VND&isFreeOccSearch=false&tag=7adbeb35-4108-414c-9559-32893b4cdfe5&los=1
73020514 https://www.agoda.com/vi-vn/bright-modern-2-beds-prime-location-in-d1/hotel/ho-chi-minh-city-vn.html?countryId=38&finalPriceView=1&isShowMobileAppPrice=false&cid=1922896&familyMode=false&adults=2&children=0&rooms=1&maxRooms=0&checkIn=2025-11-5&isCalendarCallout=false&numberOfGuest=0&missingChildAges=false&travellerType=1&showReviewSubmissionEntry=false&currencyCode=VND&isFreeOccSearch=false&tag=7adbeb35-4108-414c-9559-32893b4cdfe5&los=1
80983275 https://www.agoda.com/vi-vn/the-l-anmien-saigon-apartment-service-hostel/hotel/ho-chi-minh-city-vn.html?countryId=38&finalPriceView=1&isShowMobileAppPrice=false&cid=1922896&familyMode=false&adults=2&children=0&rooms=1&maxRooms=0&checkIn=2025-11-5&isCalendarCallout=false&numberOfGuest=0&missingChildAges=false&travellerType=1&showReviewSubmissionEntry=false&currencyCode=VND&isFreeOccSearch=false&tag=7adbeb35-4108-414c-9559-32893b4cdfe5&los=1
79082638 https://www.agoda.com/vi-vn/best-preferred-rental-thinkers/hotel/ho-chi-minh-city-vn.html?countryId=38&finalPriceView=1&isShowMobileAppPrice=false&cid=1922896&familyMode=false&adults=2&children=0&rooms=1&maxRooms=0&checkIn=2025-11-5&isCalendarCallout=false&numberOfGuest=0&missingChildAges=false&travellerType=1&showReviewSubmissionEntry=false&currencyCode=VND&isFreeOccSearch=false&tag=7adbeb35-4108-414c-9559-32893b4cdfe5&los=1
55849835 https://www.agoda.com/vi-vn/rivergate-q4-pristine-green-apt-kalahomes/hotel/ho-chi-minh-city-vn.html?countryId=38&finalPriceView=1&isShowMobileAppPrice=false&cid=1922896&familyMode=false&adults=2&children=0&rooms=1&maxRooms=0&checkIn=2025-11-5&isCalendarCallout=false&numberOfGuest=0&missingChildAges=false&travellerType=1&showReviewSubmissionEntry=false&currencyCode=VND&isFreeOccSearch=false&tag=7adbeb35-4108-414c-9559-32893b4cdfe5&los=1
79082633 https://www.agoda.com/vi-vn/the-rixx-stunning-3-bedrooms-netflix-pool-gym-kids/hotel/ho-chi-minh-city-vn.html?countryId=38&finalPriceView=1&isShowMobileAppPrice=false&cid=1922896&familyMode=false&adults=2&children=0&rooms=1&maxRooms=0&checkIn=2025-11-5&isCalendarCallout=false&numberOfGuest=0&missingChildAges=false&travellerType=1&showReviewSubmissionEntry=false&currencyCode=VND&isFreeOccSearch=false&tag=7adbeb35-4108-414c-9559-32893b4cdfe5&los=1
55456512 https://www.agoda.com/vi-vn/apartment-2br2wc-near-tan-son-nhat-airport-nice/hotel/all/ho-chi-minh-city-vn.html?countryId=38&finalPriceView=1&isShowMobileAppPrice=false&cid=1922896&familyMode=false&adults=2&children=0&rooms=1&maxRooms=0&checkIn=2025-11-5&isCalendarCallout=false&numberOfGuest=0&missingChildAges=false&travellerType=1&showReviewSubmissionEntry=false&currencyCode=VND&isFreeOccSearch=false&tag=7adbeb35-4108-414c-9559-32893b4cdfe5&los=1
44724964 https://www.agoda.com/vi-vn/luxury-1pn/hotel/ho-chi-minh-city-vn.html?countryId=38&finalPriceView=1&isShowMobileAppPrice=false&cid=1922896&familyMode=false&adults=2&children=0&rooms=1&maxRooms=0&checkIn=2025-11-5&isCalendarCallout=false&numberOfGuest=0&missingChildAges=false&travellerType=1&showReviewSubmissionEntry=false&currencyCode=VND&isFreeOccSearch=false&tag=7adbeb35-4108-414c-9559-32893b4cdfe5&los=1
76772547 https://www.agoda.com/vi-vn/102-room/hotel/ho-chi-minh-city-vn.html?countryId=38&finalPriceView=1&isShowMobileAppPrice=false&cid=1922896&familyMode=false&adults=2&children=0&rooms=1&maxRooms=0&checkIn=2025-11-5&isCalendarCallout=false&numberOfGuest=0&missingChildAges=false&travellerType=1&showReviewSubmissionEntry=false&currencyCode=VND&isFreeOccSearch=false&tag=7adbeb35-4108-414c-9559-32893b4cdfe5&los=1
45336403 https://www.agoda.com/vi-vn/sea-aparthotel/hotel/ho-chi-minh-city-vn.html?countryId=38&finalPriceView=1&isShowMobileAppPrice=false&cid=1922896&familyMode=false&adults=2&children=0&rooms=1&maxRooms=0&checkIn=2025-11-5&isCalendarCallout=false&numberOfGuest=0&missingChildAges=false&travellerType=1&showReviewSubmissionEntry=false&currencyCode=VND&isFreeOccSearch=false&tag=7adbeb35-4108-414c-9559-32893b4cdfe5&los=1
78066934 https://www.agoda.com/vi-vn/no-1-the-opera-masterpiece-apt-2br/hotel/ho-chi-minh-city-vn.html?countryId=38&finalPriceView=1&isShowMobileAppPrice=false&cid=1922896&familyMode=false&adults=2&children=0&rooms=1&maxRooms=0&checkIn=2025-11-5&isCalendarCallout=false&numberOfGuest=0&missingChildAges=false&travellerType=1&showReviewSubmissionEntry=false&currencyCode=VND&isFreeOccSearch=false&tag=7adbeb35-4108-414c-9559-32893b4cdfe5&los=1
70972521 https://www.agoda.com/vi-vn/401-bitexco-view-airy-cosy-netflix-walking-street/hotel/ho-chi-minh-city-vn.html?countryId=38&finalPriceView=1&isShowMobileAppPrice=false&cid=1922896&familyMode=false&adults=2&children=0&rooms=1&maxRooms=0&checkIn=2025-11-5&isCalendarCallout=false&numberOfGuest=0&missingChildAges=false&travellerType=1&showReviewSubmissionEntry=false&currencyCode=VND&isFreeOccSearch=false&tag=7adbeb35-4108-414c-9559-32893b4cdfe5&los=1
12185839 https://www.agoda.com/vi-vn/studio-301-319-lien-phuong/hotel/ho-chi-minh-city-vn.html?countryId=38&finalPriceView=1&isShowMobileAppPrice=false&cid=1922896&familyMode=false&adults=2&children=0&rooms=1&maxRooms=0&checkIn=2025-11-5&isCalendarCallout=false&numberOfGuest=0&missingChildAges=false&travellerType=1&showReviewSubmissionEntry=false&currencyCode=VND&isFreeOccSearch=false&tag=7adbeb35-4108-414c-9559-32893b4cdfe5&los=1
70972515 https://www.agoda.com/vi-vn/101-city-center-airy-cosy-netflix-walking-street/hotel/ho-chi-minh-city-vn.html?countryId=38&finalPriceView=1&isShowMobileAppPrice=false&cid=1922896&familyMode=false&adults=2&children=0&rooms=1&maxRooms=0&checkIn=2025-11-5&isCalendarCallout=false&numberOfGuest=0&missingChildAges=false&travellerType=1&showReviewSubmissionEntry=false&currencyCode=VND&isFreeOccSearch=false&tag=7adbeb35-4108-414c-9559-32893b4cdfe5&los=1
78066941 https://www.agoda.com/vi-vn/no-1-the-opera-metropole-river-view-by-luxehome/hotel/ho-chi-minh-city-vn.html?countryId=38&finalPriceView=1&isShowMobileAppPrice=false&cid=1922896&familyMode=false&adults=2&children=0&rooms=1&maxRooms=0&checkIn=2025-11-5&isCalendarCallout=false&numberOfGuest=0&missingChildAges=false&travellerType=1&showReviewSubmissionEntry=false&currencyCode=VND&isFreeOccSearch=false&tag=7adbeb35-4108-414c-9559-32893b4cdfe5&los=1
40137272 https://www.agoda.com/vi-vn/maiam-homestay/hotel/all/ho-chi-minh-city-vn.html?countryId=38&finalPriceView=1&isShowMobileAppPrice=false&cid=1922896&familyMode=false&adults=2&children=0&rooms=1&maxRooms=0&checkIn=2025-11-5&isCalendarCallout=false&numberOfGuest=0&missingChildAges=false&travellerType=1&showReviewSubmissionEntry=false&currencyCode=VND&isFreeOccSearch=false&tag=7adbeb35-4108-414c-9559-32893b4cdfe5&los=1
70972518 https://www.agoda.com/vi-vn/202-city-center-airy-cosy-netflix-walking-street/hotel/ho-chi-minh-city-vn.html?countryId=38&finalPriceView=1&isShowMobileAppPrice=false&cid=1922896&familyMode=false&adults=2&children=0&rooms=1&maxRooms=0&checkIn=2025-11-5&isCalendarCallout=false&numberOfGuest=0&missingChildAges=false&travellerType=1&showReviewSubmissionEntry=false&currencyCode=VND&isFreeOccSearch=false&tag=7adbeb35-4108-414c-9559-32893b4cdfe5&los=1
71447589 https://www.agoda.com/vi-vn/345-24-tran-hung-dao/hotel/all/ho-chi-minh-city-vn.html?countryId=38&finalPriceView=1&isShowMobileAppPrice=false&cid=1922896&familyMode=false&adults=2&children=0&rooms=1&maxRooms=0&checkIn=2025-11-5&isCalendarCallout=false&numberOfGuest=0&missingChildAges=false&travellerType=1&showReviewSubmissionEntry=false&currencyCode=VND&isFreeOccSearch=false&tag=7adbeb35-4108-414c-9559-32893b4cdfe5&los=1
